Metodo de Euler
y(0.0) = 0.0
h = 0.1
0   0.0
1   0.100000000000000
2   0.230000000000000
3   0.402000000000000
4   0.632800000000000
5   0.945920000000000
6   1.37428800000000
7   1.96400320000000
8   2.77960448000000
9   3.91144627200000
10   5.48602478080000
11   7.68043469312000
12   10.7426085703680
13   15.0196519985152
14   20.9975127979213
15   29.3565179170898
16   41.0491250839257
17   57.4087751174960
18   80.3022851644944
19   112.343199230292

Metodo de Euler_Inverso
y(0.0) = 0.0
h = 0.1
0   0.0
1   0.130000000000000
2   0.318800000000000
3   0.599328000000000
4   1.02295168000000
5   1.66980462080000
6   2.66489520844800
7   4.20323652517888
8   6.58904897927905
9   10.2969164076753
10   16.0671895959735
11   25.0548157697187
12   39.0615126007611
13   60.8979596571874
14   94.9488170652123
15   148.054154621731
16   230.884481209901
17   360.085790687445
18   561.625833472414
19   876.014300216966
20   1366.44630833847

Metodo de Euler_Aprimorado
y(0.0) = 0.0
h = 0.1
0   0.0
1   0.115000000000000
2   0.273200000000000
3   0.495336000000000
4   0.812097280000000
5   1.26890397440000
6   1.93297788211200
7   2.90380726552576
8   4.32863475297813
9   6.42537943440763
10   9.51656156292329
11   14.0795111131265
12   20.8206764474272
13   30.7856011421922
14   45.5216896904445
15   67.3191007418578
16   99.5672690979496
17   147.282558264965
18   217.889186232149
19   322.374995623580

Runge_Kutta
y(0.0) = 0.0
h = 0.1
0   0.0
1   0.117200000000000
2   0.279737813333333
3   0.509907554076445
4   0.840966095334301
5   1.32252382328002
6   2.02858620464758
7   3.06954966101296
8   4.61009621432173
9   6.89588752611087
10   10.2933852856171
11   15.3492526100646
12   22.8789650935203
13   34.0989948621740
14   50.8239939357338
15   75.7609392203986
16   112.947918399709
17   168.408681474126
18   251.129057111003
19   374.513505461054

Metodo de Adam-Bashforth
y(0.0) = 0.0
h = 0.1
0   0.0
1   0.1
2   0.23
3   0.402
4   0.6328
5   1.00006933333333
6   1.56143411259259
7   2.37147895557696
8   3.55628975681026
9   5.32211215281102
10   7.94807143509720
11   11.8428794700379
12   17.6348445650433
13   26.2632360032403
14   39.1161985890128
15   58.2631806513790
16   86.7972738113461
17   129.329225597457
18   192.728523445517
19   287.238075250545
20   428.132098963995

Metodo de Adam-Bashforth por Euler
y(0.0) = 0.0
h = 0.1
0   0.0
1   0.100000000000000
2   0.230000000000000
3   0.402000000000000
4   0.632800000000000
5   0.945920000000000
6   1.45035040000000
7   2.23691931688889
8   3.35844174442605
9   4.99695083498148
10   7.48198639667956
11   11.1802888333590
12   16.6249202050360
13   24.7500581304216
14   36.9138997900255
15   55.0062241322631
16   81.9320443028141
17   122.138411354335
18   182.125068886494
19   271.512719182195
20   404.819759848820

Metodo de Adam-Bashforth por Euler Inverso
y(0.0) = 0.0
h = 0.1
0   0.0
1   0.130000000000000
2   0.318800000000000
3   0.599328000000000
4   1.02295168000000
5   1.66980462080000
6   2.56669570372267
7   3.83517932594029
8   5.76086180833961
9   8.64973784449651
10   12.8827270903983
11   19.1762162622181
12   28.6224313633973
13   42.6826707427550
14   63.5715579421872
15   94.7590071017958
16   141.323288735407
17   210.695867974306
18   314.116250900087
19   468.445356751208
20   698.631384884925

Metodo de Adam-Bashforth por Euler Aprimorado
y(0.0) = 0.0
h = 0.1
0   0.0
1   0.115000000000000
2   0.273200000000000
3   0.495336000000000
4   0.812097280000000
5   1.26890397440000
6   1.94566533580800
7   2.95034555054123
8   4.43033073361868
9   6.62178245644458
10   9.88667894391047
11   14.7449658269955
12   21.9694362353666
13   32.7351647816092
14   48.7896601869607
15   72.7172842441210
16   108.386148255522
17   161.584447620544
18   240.924394284387
19   359.238976622275
20   535.696063138740

Metodo de Adam-Bashforth por Runge-Kutta ( ordem = 6 )
y(0.0) = 0.0
h = 0.1
0   0.0
1   0.117200000000000
2   0.279737813333333
3   0.509907554076445
4   0.840966095334301
5   1.32252382328002
6   2.02836134047985
7   3.06872220834702
8   4.60828020736213
9   6.89236515086689
10   10.2867228821220
11   15.3372283794532
12   22.8581235247808
13   34.0634846111728
14   50.7642408683034
15   75.6618503726721
16   112.785401547091
17   168.144096399825
18   250.701252221954
19   373.826207774337
20   557.459348935010

Metodo de Adam-multon
y(0.0) = 0.0
h = 0.1
0   0.0
1   0.1
2   0.23
3   0.402
4   0.6328
5   1.00788789037037
6   1.56301754079324
7   2.37362851989450
8   3.57169407509225
9   5.34745165336271
10   7.98372657875156
11   11.9041241310304
12   17.7402749542470
13   26.4341854643962
14   39.3912405390358
15   58.7079689247486
16   87.5118939044728
17   130.468583283445
18   194.538019544585
19   290.102930910325
20   432.652015328733

Metodo de Adam-multon por Euler
y(0.0) = 0.0
h = 0.1
0   0.0
1   0.100000000000000
2   0.230000000000000
3   0.402000000000000
4   0.632800000000000
5   0.945920000000000
6   1.46048774444444
7   2.22993722678856
8   3.35253996651879
9   5.02033151254032
10   7.49806687643540
11   11.1788450911673
12   16.6584258058794
13   24.8213139298470
14   36.9858059053282
15   55.1206846599272
16   82.1623180762973
17   122.490787222021
18   182.640787101674
19   272.360731137525
20   406.193252942207

Metodo de Adam-multon por Euler Inverso
y(0.0) = 0.0
h = 0.1
0   0.0
1   0.130000000000000
2   0.318800000000000
3   0.599328000000000
4   1.02295168000000
5   1.66980462080000
6   2.55450181760830
7   3.84499996324399
8   5.77326195876794
9   8.63141052768903
10   12.8804011492767
11   19.2105835629434
12   28.6407340651721
13   42.6955449111251
14   63.6510958104686
15   94.9003337162408
16   141.505643418506
17   211.019632439764
18   314.708794620318
19   469.380662975317
20   700.108975656663

Metodo de Adam-multon por Euler Aprimorado
y(0.0) = 0.0
h = 0.1
0   0.0
1   0.115000000000000
2   0.273200000000000
3   0.495336000000000
4   0.812097280000000
5   1.26890397440000
6   1.94764195454933
7   2.95022038428723
8   4.43145644755115
9   6.62974338880430
10   9.89720662064579
11   14.7588095302291
12   21.9992248313855
13   32.7883490981638
14   48.8712368740263
15   72.8515218819744
16   108.613215367470
17   161.950443786913
18   241.507000397008
19   360.177742482025
20   537.199289157090

Metodo de Adam-multon por Runge-Kutta ( ordem = 6 )
y(0.0) = 0.0
h = 0.1
0   0.0
1   0.117200000000000
2   0.279737813333333
3   0.509907554076445
4   0.840966095334301
5   1.32252382328002
6   2.02868143101056
7   3.06985217840799
8   4.61076912669213
9   6.89723023224184
10   10.2958959763032
11   15.3537508128549
12   22.8867998620873
13   34.1123608854548
14   50.8464357308517
15   75.7981509539165
16   113.008999870357
17   168.508110128077
18   251.289777149195
19   374.771753878922
20   558.970738205801

Metodo de Formula Inversa de Diferenciacao
y(0.0) = 0.0
h = 0.1
0   0.0
1   0.1
2   0.23
3   0.402
4   0.6328
5   0.983515795620438
6   1.52279047796118
7   2.32389215518733
8   3.49965166654230
9   5.23609512123104
10   7.81641960391915
11   11.6571294956299
12   17.3750866690315
13   25.8920371301411
14   38.5858476112741
15   57.5124220117980
16   85.7378117574858
17   127.835844676118
18   190.630784450290
19   284.304374510840
20   424.047040836699

Metodo de Formula Inversa de Diferenciacao por Euler
y(0.0) = 0.0
h = 0.1
0   0.0
1   0.100000000000000
2   0.230000000000000
3   0.402000000000000
4   0.632800000000000
5   0.945920000000000
6   1.42333067755102
7   2.17028715532084
8   3.28685222933592
9   4.91951229910342
10   7.33161599682396
11   10.9314863555030
12   16.3007549493079
13   24.2906707143868
14   36.1881057826549
15   53.9286358440705
16   80.3907040246658
17   119.854893376603
18   178.710979937451
19   266.502400703009
20   397.466067186996

Metodo de Formula Inversa de Diferenciacao por Euler Inverso
y(0.0) = 0.0
h = 0.1
0   0.0
1   0.130000000000000
2   0.318800000000000
3   0.599328000000000
4   1.02295168000000
5   1.66980462080000
6   2.59975036991391
7   3.91880027439113
8   5.85515455313691
9   8.75630625075407
10   13.0869458442431
11   19.5193422045922
12   29.0889789341760
13   43.3621091059069
14   64.6557319950225
15   96.4064304755132
16   143.751268105311
17   214.370968558854
18   319.720167376940
19   476.874086284227
20   711.306322011816

Metodo de Formula Inversa de Diferenciacao por Euler Aprimorado
y(0.0) = 0.0
h = 0.1
0   0.0
1   0.115000000000000
2   0.273200000000000
3   0.495336000000000
4   0.812097280000000
5   1.26890397440000
6   1.94151035947886
7   2.94037928223411
8   4.42076744956221
9   6.61356800032001
10   9.87064022815231
11   14.7196316020188
12   21.9431965860360
13   32.7060949355900
14   48.7487207589877
15   72.6701628644441
16   108.346412292387
17   161.557563638263
18   240.927220224820
19   359.322312003246
20   535.938319707990

Metodo de Formula Inversa de Diferenciacao por Runge-Kutta ( ordem = 6 )
y(0.0) = 0.0
h = 0.1
0   0.0
1   0.117200000000000
2   0.279737813333333
3   0.509907554076445
4   0.840966095334301
5   1.32252382328002
6   2.02867292028889
7   3.06992236019871
8   4.61103843856405
9   6.89781984426327
10   10.2970357017590
11   15.3558778208543
12   22.8906281090774
13   34.1190268571028
14   50.8577860423151
15   75.8171923327274
16   113.040568872555
17   168.559918963737
18   251.374084889687
19   374.907996568730
20   559.189618548266
